1 (886,5.0) (938,5.0) (408,5.0)
2 (320,5.0) (6,5.0) (150,5.0)
3 (572,5.0) (689,5.0) (1314,5.0)
4 (418,5.0) (1183,5.0) (923,5.0)
5 (620,4.8) (676,4.6) (1084,4.6)
6 (412,5.0) (381,5.0) (39,5.0)
7 (539,5.0) (687,5.0) (699,5.0)
8 (621,5.0) (887,5.0) (1527,5.0)
9 (772,5.0) (1147,5.0) (878,5.0)
10 (299,5.0) (355,5.0) (261,5.0)
11 (496,5.0) (116,5.0) (408,5.0)
12 (130,5.0) (499,5.0) (662,5.0)
13 (660,5.0) (408,5.0) (380,4.6)
14 (589,5.0) (931,5.0) (1095,5.0)
15 (287,5.0) (408,5.0) (877,5.0)
16 (931,5.0) (97,5.0) (133,5.0)
17 (1240,5.0) (48,5.0) (512,5.0)
18 (260,5.0) (424,5.0) (743,5.0)
19 (1215,5.0) (991,5.0) (1088,5.0)
20 (192,5.0) (819,5.0) (928,5.0)
21 (663,5.0) (48,5.0) (726,5.0)
22 (408,5.0) (90,5.0) (1041,5.0)
23 (1015,5.0) (898,5.0) (761,5.0)
24 (74,5.0) (320,5.0) (20,5.0)
25 (1215,5.0) (219,5.0) (735,5.0)
26 (356,5.0) (420,5.0) (571,5.0)
27 (548,5.0) (697,5.0) (718,5.0)
28 (893,5.0) (902,5.0) (661,5.0)
29 (522,5.0) (998,5.0) (1103,5.0)
30 (923,5.0) (906,5.0) (430,5.0)
31 (1230,5.0) (309,5.0) (35,5.0)
32 (690,5.0) (750,5.0) (1215,5.0)
33 (514,5.0) (1032,5.0) (127,5.0)
34 (1014,5.0) (205,5.0) (474,5.0)
35 (573,5.0) (672,5.0) (824,5.0)
36 (910,5.0) (375,5.0) (1185,5.0)
37 (116,5.0) (133,5.0) (1084,5.0)
38 (1618,5.0) (512,5.0) (772,5.0)
39 (688,5.0) (542,5.0) (1152,5.0)
40 (547,5.0) (107,5.0) (390,5.0)
41 (342,5.0) (634,5.0) (91,5.0)
42 (589,5.0) (133,5.0) (61,5.0)
43 (923,5.0) (150,5.0) (914,5.0)
44 (424,5.0) (628,5.0) (110,5.0)
45 (363,5.0) (398,5.0) (540,5.0)
46 (833,5.0) (1215,5.0) (412,5.0)
47 (543,5.0) (263,5.0) (18,5.0)
48 (278,5.0) (115,5.0) (660,5.0)
49 (424,5.0) (261,5.0) (687,5.0)
50 (138,5.0) (364,5.0) (368,5.0)
51 (390,5.0) (434,5.0) (853,5.0)
52 (877,5.0) (1117,5.0) (408,5.0)
53 (247,5.0) (266,5.0) (352,5.0)
54 (376,5.0) (392,5.0) (420,5.0)
55 (392,5.0) (571,5.0) (673,5.0)
56 (514,5.0) (155,5.0) (250,5.0)
57 (101,5.0) (189,5.0) (390,5.0)
58 (201,5.0) (1293,5.0) (1127,5.0)
59 (898,5.0) (984,5.0) (463,5.0)
60 (169,5.0) (1240,5.0) (334,5.0)
61 (263,5.0) (795,5.0) (1036,5.0)
62 (336,5.0) (1280,5.0) (369,5.0)
63 (1054,5.0) (627,5.0) (8,4.6)
64 (781,5.0) (178,5.0) (889,5.0)
65 (1052,5.0) (1228,5.0) (1415,5.0)
66 (1215,5.0) (529,5.0) (613,5.0)
67 (753,5.0) (1316,5.0) (259,5.0)
68 (605,5.0) (1483,5.0) (660,5.0)
69 (890,5.0) (931,5.0) (813,5.0)
70 (988,5.0) (589,5.0) (320,5.0)
71 (1199,5.0) (465,5.0) (969,5.0)
72 (862,5.0) (263,5.0) (669,5.0)
73 (589,5.0) (91,5.0) (1084,5.0)
74 (1017,5.0) (744,5.0) (950,5.0)
75 (247,5.0) (352,5.0) (1257,5.0)
76 (918,5.0) (457,5.0) (813,5.0)
77 (352,5.0) (105,5.0) (120,5.0)
78 (103,5.0) (1254,5.0) (1664,5.0)
79 (369,5.0) (908,5.0) (975,5.0)
80 (422,5.0) (610,5.0) (101,5.0)
81 (1068,5.0) (1256,5.0) (1257,5.0)
82 (24,5.0) (348,5.0) (59,4.6)
83 (877,5.0) (130,5.0) (59,5.0)
84 (10,5.0) (39,5.0) (42,5.0)
85 (107,5.0) (1028,5.0) (781,5.0)
86 (1003,5.0) (1659,5.0) (336,5.0)
87 (430,5.0) (481,5.0) (660,5.0)
88 (1502,5.0) (681,5.0) (988,5.0)
89 (425,5.0) (616,5.0) (741,5.0)
90 (262,5.0) (428,5.0) (717,5.0)
91 (781,5.0) (1006,5.0) (59,5.0)
92 (923,5.0) (309,4.7) (59,4.7)
93 (1215,5.0) (539,5.0) (894,5.0)
94 (502,5.0) (662,5.0) (1006,5.0)
95 (955,5.0) (59,4.9) (60,4.9)
96 (558,5.0) (671,5.0) (853,5.0)
97 (673,5.0) (253,5.0) (689,5.0)
98 (951,5.0) (84,5.0) (572,5.0)
99 (73,5.0) (94,5.0) (215,5.0)
100 (847,5.0) (877,5.0) (408,5.0)
101 (1214,5.0) (1157,5.0) (390,5.0)
102 (336,5.0) (741,5.0) (59,5.0)
103 (1011,5.0) (1016,5.0) (10,5.0)
104 (716,5.0) (682,5.0) (390,4.8)
105 (671,5.0) (675,5.0) (853,5.0)
106 (266,5.0) (680,5.0) (931,5.0)
107 (406,5.0) (1083,5.0) (543,5.0)
108 (352,5.0) (253,5.0) (1388,5.0)
109 (923,5.0) (283,5.0) (740,5.0)
110 (1487,5.0) (57,5.0) (214,5.0)
111 (1083,5.0) (1060,5.0) (219,5.0)
112 (270,5.0) (1449,5.0) (1512,5.0)
113 (308,5.0) (342,5.0) (1215,5.0)
114 (589,5.0) (392,5.0) (726,5.0)
115 (428,5.0) (260,5.0) (504,5.0)
116 (456,5.0) (663,5.0) (952,4.8)
117 (320,5.0) (347,5.0) (248,5.0)
118 (408,5.0) (1009,5.0) (1240,5.0)
119 (564,5.0) (481,5.0) (17,5.0)
120 (457,5.0) (1079,5.0) (1483,5.0)
121 (832,5.0) (833,5.0) (1059,5.0)
122 (577,5.0) (743,5.0) (1057,5.0)
123 (126,5.0) (118,5.0) (1600,5.0)
124 (877,5.0) (1315,5.0) (1412,5.0)
125 (1039,5.0) (1015,5.0) (177,5.0)
126 (171,5.0) (428,5.0) (506,5.0)
127 (1336,5.0) (683,5.0) (10,5.0)
128 (291,5.0) (247,5.0) (266,5.0)
129 (122,5.0) (1233,5.0) (1512,4.6)
130 (740,5.0) (812,5.0) (308,5.0)
131 (104,5.0) (564,5.0) (769,5.0)
132 (368,5.0) (32,5.0) (398,5.0)
133 (29,5.0) (409,5.0) (1179,5.0)
134 (457,5.0) (894,5.0) (1001,5.0)
135 (613,5.0) (26,5.0) (1074,5.0)
136 (274,5.0) (697,5.0) (718,5.0)
137 (1184,5.0) (10,5.0) (532,5.0)
138 (1240,5.0) (589,5.0) (35,5.0)
139 (656,5.0) (853,5.0) (854,5.0)
140 (254,5.0) (991,5.0) (412,5.0)
141 (219,5.0) (113,5.0) (165,5.0)
142 (19,5.0) (372,5.0) (1167,5.0)
143 (320,5.0) (547,5.0) (1021,5.0)
144 (887,5.0) (1527,5.0) (263,5.0)
145 (918,5.0) (110,5.0) (955,5.0)
146 (122,5.0) (1118,5.0) (1157,5.0)
147 (1192,5.0) (36,5.0) (564,5.0)
148 (1162,5.0) (1199,5.0) (1127,5.0)
149 (261,5.0) (236,5.0) (914,5.0)
150 (679,5.0) (778,5.0) (989,5.0)
151 (887,5.0) (299,5.0) (680,5.0)
152 (564,5.0) (931,5.0) (582,5.0)
153 (352,5.0) (1258,5.0) (1140,5.0)
154 (819,5.0) (349,5.0) (350,5.0)
155 (344,4.9) (898,4.9) (1129,4.7)
156 (548,5.0) (758,5.0) (823,5.0)
157 (558,5.0) (656,5.0) (853,5.0)
158 (918,5.0) (365,5.0) (776,5.0)
159 (252,5.0) (1047,5.0) (372,5.0)
160 (831,5.0) (68,5.0) (106,5.0)
161 (1049,4.6) (61,4.4) (512,4.4)
162 (542,5.0) (1184,5.0) (539,5.0)
163 (687,5.0) (688,5.0) (1280,5.0)
164 (1214,5.0) (122,5.0) (264,5.0)
165 (85,5.0) (19,5.0) (253,5.0)
166 (408,5.0) (1598,5.0) (212,5.0)
167 (902,5.0) (1591,5.0) (695,5.0)
168 (148,5.0) (906,5.0) (253,5.0)
169 (1149,5.0) (1177,5.0) (1218,5.0)
170 (107,5.0) (212,5.0) (390,5.0)
171 (1242,5.0) (219,5.0) (447,5.0)
172 (336,5.0) (342,5.0) (680,5.0)
173 (21,5.0) (1028,5.0) (23,5.0)
174 (923,5.0) (17,5.0) (184,5.0)
175 (27,5.0) (226,5.0) (363,5.0)
176 (424,5.0) (743,5.0) (277,5.0)
177 (408,5.0) (877,5.0) (344,5.0)
178 (17,5.0) (217,5.0) (320,5.0)
179 (376,5.0) (420,5.0) (794,5.0)
180 (220,5.0) (280,5.0) (682,5.0)
181 (94,4.7) (99,4.7) (376,4.7)
182 (376,5.0) (392,5.0) (794,5.0)
183 (78,5.0) (140,5.0) (424,5.0)
184 (320,5.0) (832,5.0) (833,5.0)
185 (1618,5.0) (347,5.0) (903,5.0)
186 (82,5.0) (88,5.0) (544,5.0)
187 (261,5.0) (457,5.0) (680,5.0)
188 (424,5.0) (743,5.0) (168,5.0)
189 (352,5.0) (342,5.0) (412,5.0)
190 (114,5.0) (880,5.0) (305,5.0)
191 (383,5.0) (513,5.0) (950,5.0)
192 (854,5.0) (1006,5.0) (307,5.0)
193 (875,5.0) (1105,5.0) (1079,5.0)
194 (862,5.0) (1006,5.0) (873,4.7)
195 (97,5.0) (23,5.0) (192,5.0)
196 (1112,5.0) (1233,5.0) (103,5.0)
197 (1258,5.0) (251,5.0) (952,5.0)
198 (107,5.0) (781,5.0) (320,5.0)
199 (1030,5.0) (205,5.0) (644,5.0)
200 (781,5.0) (1388,5.0) (14,5.0)
201 (938,5.0) (875,5.0) (412,5.0)
202 (1184,5.0) (1054,5.0) (539,5.0)
203 (395,5.0) (564,5.0) (145,5.0)
204 (406,5.0) (743,5.0) (440,5.0)
205 (962,5.0) (1210,5.0) (1006,5.0)
206 (420,5.0) (673,5.0) (1218,5.0)
207 (408,5.0) (896,5.0) (97,5.0)
208 (466,5.0) (969,5.0) (950,5.0)
209 (634,5.0) (572,4.9) (613,4.7)
210 (155,5.0) (778,5.0) (133,5.0)
211 (521,5.0) (374,5.0) (60,5.0)
212 (844,5.0) (1088,5.0) (974,5.0)
213 (408,5.0) (877,5.0) (87,5.0)
214 (21,5.0) (299,5.0) (425,5.0)
215 (278,5.0) (420,5.0) (588,5.0)
216 (1091,5.0) (57,5.0) (214,5.0)
217 (669,5.0) (241,5.0) (254,5.0)
218 (719,5.0) (1411,5.0) (1030,5.0)
219 (772,5.0) (997,5.0) (1085,5.0)
220 (1115,5.0) (130,5.0) (835,5.0)
221 (831,5.0) (589,5.0) (819,5.0)
222 (1006,5.0) (582,5.0) (902,4.9)
223 (110,5.0) (641,5.0) (869,5.0)
224 (345,5.0) (679,5.0) (685,5.0)
225 (1147,5.0) (551,5.0) (1246,5.0)
226 (1009,5.0) (1240,5.0) (1534,5.0)
227 (122,5.0) (450,5.0) (590,5.0)
228 (1215,5.0) (457,5.0) (35,5.0)
229 (424,5.0) (564,5.0) (871,5.0)
230 (1085,5.0) (408,5.0) (12,5.0)
231 (743,5.0) (352,5.0) (894,5.0)
232 (201,5.0) (931,5.0) (1034,5.0)
233 (424,5.0) (1079,5.0) (110,5.0)
234 (348,5.0) (687,5.0) (253,5.0)
235 (589,5.0) (266,5.0) (342,5.0)
236 (109,5.0) (290,5.0) (457,5.0)
237 (60,5.0) (836,5.0) (971,5.0)
238 (1316,5.0) (737,5.0) (253,5.0)
239 (938,5.0) (1001,5.0) (604,5.0)
240 (91,5.0) (320,5.0) (1021,5.0)
241 (261,5.0) (398,5.0) (986,5.0)
242 (84,5.0) (1303,5.0) (1304,5.0)
243 (450,5.0) (1012,5.0) (452,5.0)
244 (672,5.0) (1006,5.0) (1388,5.0)
245 (422,5.0) (306,5.0) (308,5.0)
246 (812,4.8) (150,4.4) (272,4.4)
247 (376,5.0) (392,5.0) (571,5.0)
248 (345,5.0) (412,5.0) (1388,5.0)
249 (336,5.0) (284,5.0) (1405,5.0)
250 (110,5.0) (906,5.0) (889,5.0)
251 (201,5.0) (217,5.0) (320,5.0)
252 (877,5.0) (538,5.0) (998,5.0)
253 (621,5.0) (1527,5.0) (535,5.0)
254 (1157,5.0) (47,4.8) (318,4.7)
255 (115,4.9) (866,4.6) (931,4.6)
256 (1199,5.0) (880,5.0) (1278,5.0)
257 (199,5.0) (646,5.0) (1098,5.0)
258 (775,5.0) (1412,5.0) (650,5.0)
259 (105,5.0) (278,5.0) (412,5.0)
260 (910,5.0) (368,5.0) (369,5.0)
261 (946,5.0) (1120,5.0) (832,5.0)
262 (412,5.0) (1079,5.0) (1534,5.0)
263 (906,5.0) (681,5.0) (890,5.0)
264 (460,5.0) (1177,5.0) (83,5.0)
265 (324,5.0) (1258,5.0) (44,5.0)
266 (429,5.0) (1019,5.0) (1495,5.0)
267 (952,5.0) (1134,5.0) (90,5.0)
268 (311,5.0) (887,4.9) (1127,4.8)
269 (408,5.0) (253,5.0) (1388,5.0)
270 (339,5.0) (1024,5.0) (130,5.0)
271 (991,5.0) (955,5.0) (889,5.0)
272 (959,5.0) (902,5.0) (1129,5.0)
273 (926,5.0) (240,5.0) (824,5.0)
274 (242,5.0) (85,5.0) (434,5.0)
275 (251,4.9) (396,4.7) (424,4.7)
276 (923,5.0) (656,5.0) (671,5.0)
277 (249,5.0) (260,5.0) (1258,5.0)
278 (206,5.0) (610,5.0) (263,5.0)
279 (424,5.0) (628,5.0) (743,5.0)
280 (672,5.0) (338,5.0) (457,5.0)
281 (1162,5.0) (145,5.0) (6,5.0)
282 (923,5.0) (102,5.0) (989,5.0)
283 (253,5.0) (887,5.0) (1085,5.0)
284 (961,5.0) (1411,5.0) (408,5.0)
285 (754,5.0) (640,5.0) (896,5.0)
286 (283,5.0) (253,5.0) (1008,5.0)
287 (60,5.0) (763,5.0) (522,5.0)
288 (539,5.0) (812,5.0) (93,5.0)
289 (743,5.0) (734,5.0) (916,5.0)
290 (1152,5.0) (1084,5.0) (77,5.0)
291 (936,5.0) (1084,5.0) (687,5.0)
292 (918,5.0) (342,5.0) (349,5.0)
293 (889,5.0) (308,5.0) (681,4.8)
294 (842,5.0) (1053,5.0) (1063,5.0)
295 (481,5.0) (872,5.0) (880,5.0)
296 (1028,5.0) (1033,5.0) (306,5.0)
297 (15,5.0) (408,5.0) (955,5.0)
298 (251,5.0) (150,5.0) (287,5.0)
299 (906,5.0) (253,5.0) (1388,5.0)
300 (375,5.0) (997,5.0) (1085,5.0)
301 (110,5.0) (781,5.0) (896,5.0)
302 (893,5.0) (940,4.8) (1183,4.8)
303 (589,5.0) (206,4.9) (178,4.8)
304 (130,5.0) (869,5.0) (1397,5.0)
305 (240,5.0) (812,5.0) (676,5.0)
306 (149,5.0) (760,5.0) (1327,5.0)
307 (115,5.0) (781,5.0) (369,5.0)
308 (10,5.0) (676,5.0) (1084,5.0)
309 (29,5.0) (409,5.0) (783,5.0)
310 (555,5.0) (767,5.0) (1288,5.0)
311 (346,5.0) (130,5.0) (1157,5.0)
312 (130,5.0) (717,5.0) (826,5.0)
313 (353,5.0) (358,5.0) (781,5.0)
314 (212,5.0) (923,5.0) (995,5.0)
315 (906,5.0) (893,5.0) (316,5.0)
316 (1491,5.0) (1597,5.0) (263,5.0)
317 (34,5.0) (569,5.0) (720,5.0)
318 (895,5.0) (832,5.0) (833,5.0)
319 (747,5.0) (990,5.0) (10,5.0)
320 (130,5.0) (1022,5.0) (1260,5.0)
321 (564,5.0) (263,5.0) (1022,5.0)
322 (1157,5.0) (754,5.0) (914,5.0)
323 (47,5.0) (66,5.0) (67,5.0)
324 (320,5.0) (1086,5.0) (1087,5.0)
325 (589,5.0) (420,5.0) (627,5.0)
326 (1233,5.0) (278,5.0) (988,5.0)
327 (353,5.0) (240,5.0) (894,5.0)
328 (923,5.0) (1388,5.0) (538,5.0)
329 (143,5.0) (496,5.0) (694,5.0)
330 (1259,5.0) (1355,5.0) (1039,5.0)
331 (1618,5.0) (812,5.0) (458,5.0)
332 (372,5.0) (640,5.0) (914,5.0)
333 (737,5.0) (621,5.0) (1527,5.0)
334 (919,5.0) (1009,5.0) (1240,5.0)
335 (1013,5.0) (673,5.0) (1001,5.0)
336 (390,5.0) (346,5.0) (370,5.0)
337 (969,5.0) (1060,5.0) (1015,5.0)
338 (139,5.0) (375,5.0) (441,5.0)
339 (339,5.0) (1127,5.0) (1234,5.0)
340 (34,5.0) (569,5.0) (720,5.0)
341 (621,5.0) (1234,5.0) (519,5.0)
342 (406,5.0) (1083,5.0) (242,5.0)
343 (336,5.0) (995,5.0) (862,5.0)
344 (343,5.0) (691,5.0) (344,5.0)
345 (589,5.0) (320,5.0) (347,5.0)
346 (353,5.0) (558,5.0) (773,5.0)
347 (889,5.0) (863,5.0) (89,5.0)
348 (1214,5.0) (769,5.0) (1157,5.0)
349 (1491,5.0) (1597,5.0) (320,5.0)
350 (263,5.0) (669,5.0) (393,5.0)
351 (916,5.0) (1661,5.0) (309,5.0)
352 (683,5.0) (585,5.0) (890,5.0)
353 (565,5.0) (1470,5.0) (640,5.0)
354 (422,5.0) (862,5.0) (201,5.0)
355 (669,5.0) (890,5.0) (539,5.0)
356 (914,5.0) (916,5.0) (116,5.0)
357 (1214,5.0) (398,5.0) (42,5.0)
358 (786,5.0) (818,5.0) (1013,5.0)
359 (923,5.0) (1215,5.0) (412,5.0)
360 (330,5.0) (422,5.0) (589,5.0)
361 (412,5.0) (984,5.0) (1095,5.0)
362 (914,5.0) (887,5.0) (1242,5.0)
363 (287,5.0) (178,5.0) (1038,4.9)
364 (145,5.0) (440,5.0) (551,5.0)
365 (896,5.0) (355,5.0) (93,4.9)
366 (1502,5.0) (950,5.0) (1089,5.0)
367 (902,5.0) (1240,5.0) (165,5.0)
368 (1137,5.0) (133,4.9) (205,4.9)
369 (922,5.0) (532,5.0) (613,5.0)
370 (271,5.0) (902,5.0) (689,5.0)
371 (914,5.0) (315,5.0) (316,5.0)
372 (78,5.0) (521,5.0) (950,5.0)
373 (1129,5.0) (1127,5.0) (425,5.0)
374 (1255,5.0) (336,5.0) (277,5.0)
375 (812,5.0) (1282,5.0) (325,5.0)
376 (991,5.0) (1030,5.0) (342,5.0)
377 (869,5.0) (1142,5.0) (1397,5.0)
378 (290,5.0) (906,5.0) (408,5.0)
379 (991,5.0) (683,5.0) (1280,5.0)
380 (906,5.0) (412,5.0) (740,5.0)
381 (412,5.0) (338,5.0) (688,5.0)
382 (1126,5.0) (424,5.0) (1491,5.0)
383 (1008,5.0) (1491,5.0) (1597,5.0)
384 (688,5.0) (1280,5.0) (165,5.0)
385 (51,5.0) (547,5.0) (847,5.0)
386 (613,5.0) (1085,5.0) (922,5.0)
387 (412,5.0) (620,5.0) (699,5.0)
388 (16,5.0) (554,5.0) (771,5.0)
389 (676,5.0) (1084,5.0) (902,5.0)
390 (369,5.0) (761,5.0) (607,5.0)
391 (831,5.0) (109,5.0) (1388,5.0)
392 (107,5.0) (61,5.0) (206,5.0)
393 (918,5.0) (906,5.0) (860,5.0)
394 (187,5.0) (519,5.0) (740,5.0)
395 (268,5.0) (334,5.0) (995,5.0)
396 (1214,5.0) (374,5.0) (450,5.0)
397 (1084,5.0) (251,5.0) (470,5.0)
398 (918,5.0) (61,5.0) (270,5.0)
399 (325,5.0) (991,5.0) (832,4.9)
400 (656,5.0) (1049,5.0) (1222,5.0)
401 (914,5.0) (916,5.0) (699,5.0)
402 (74,5.0) (320,5.0) (192,5.0)
403 (20,5.0) (1368,5.0) (92,5.0)
404 (1053,5.0) (1063,5.0) (1218,5.0)
405 (914,3.8) (896,3.7) (280,3.6)
406 (260,5.0) (749,5.0) (1662,5.0)
407 (923,5.0) (361,5.0) (318,5.0)
408 (440,5.0) (551,5.0) (599,5.0)
409 (312,5.0) (990,5.0) (56,5.0)
410 (241,5.0) (1534,5.0) (630,4.9)
411 (1079,5.0) (831,5.0) (251,5.0)
412 (449,5.0) (251,5.0) (872,5.0)
413 (116,5.0) (59,5.0) (60,5.0)
414 (894,5.0) (889,5.0) (17,5.0)
415 (1010,5.0) (1467,5.0) (178,5.0)
416 (923,5.0) (430,5.0) (435,5.0)
417 (832,5.0) (1386,5.0) (8,5.0)
418 (975,5.0) (986,5.0) (1245,5.0)
419 (122,5.0) (997,5.0) (1054,5.0)
420 (991,5.0) (74,5.0) (320,5.0)
421 (160,5.0) (320,5.0) (378,5.0)
422 (21,5.0) (473,5.0) (144,5.0)
423 (243,5.0) (548,5.0) (718,5.0)
424 (687,5.0) (424,5.0) (40,5.0)
425 (179,5.0) (1091,5.0) (1049,5.0)
426 (425,5.0) (662,5.0) (1039,5.0)
427 (908,5.0) (1030,5.0) (1184,5.0)
428 (304,5.0) (1157,5.0) (478,5.0)
429 (287,5.0) (991,5.0) (781,5.0)
430 (61,5.0) (958,5.0) (960,5.0)
431 (878,5.0) (130,5.0) (35,5.0)
432 (878,5.0) (466,5.0) (17,5.0)
433 (390,5.0) (401,5.0) (430,5.0)
434 (372,5.0) (914,5.0) (1272,5.0)
435 (923,5.0) (1041,5.0) (475,4.8)
436 (320,5.0) (412,5.0) (180,5.0)
437 (1258,5.0) (862,5.0) (260,5.0)
438 (342,5.0) (875,5.0) (398,5.0)
439 (530,5.0) (564,5.0) (407,5.0)
440 (145,5.0) (254,5.0) (767,5.0)
441 (1001,5.0) (786,5.0) (621,5.0)
442 (115,5.0) (689,5.0) (969,5.0)
443 (750,5.0) (787,5.0) (1169,5.0)
444 (854,5.0) (1143,5.0) (1240,5.0)
445 (320,4.2) (880,4.1) (687,4.1)
446 (743,5.0) (997,5.0) (1085,5.0)
447 (42,5.0) (47,5.0) (246,5.0)
448 (84,5.0) (572,5.0) (765,5.0)
449 (991,5.0) (589,5.0) (253,5.0)
450 (329,5.0) (17,5.0) (184,5.0)
451 (1030,5.0) (962,5.0) (1006,5.0)
452 (424,5.0) (743,5.0) (3,5.0)
453 (1240,5.0) (408,5.0) (952,5.0)
454 (923,5.0) (931,5.0) (894,5.0)
455 (923,5.0) (253,5.0) (1388,5.0)
456 (352,5.0) (995,5.0) (984,5.0)
457 (408,5.0) (242,5.0) (1177,5.0)
458 (906,5.0) (82,5.0) (403,5.0)
459 (47,5.0) (571,5.0) (736,5.0)
460 (422,5.0) (1113,5.0) (219,5.0)
461 (548,5.0) (718,5.0) (1254,5.0)
462 (736,5.0) (792,5.0) (842,5.0)
463 (329,4.6) (320,4.6) (305,4.5)
464 (548,5.0) (697,5.0) (699,5.0)
465 (743,5.0) (558,5.0) (671,5.0)
466 (160,5.0) (240,5.0) (871,5.0)
467 (1079,5.0) (259,5.0) (902,5.0)
468 (832,5.0) (833,5.0) (1059,5.0)
469 (1502,5.0) (841,5.0) (1336,5.0)
470 (539,5.0) (991,5.0) (1215,5.0)
471 (802,5.0) (1240,5.0) (16,5.0)
472 (741,5.0) (902,5.0) (77,5.0)
473 (372,5.0) (193,5.0) (426,5.0)
474 (362,5.0) (144,5.0) (1628,5.0)
475 (353,5.0) (62,5.0) (1105,5.0)
476 (408,5.0) (1233,5.0) (1021,5.0)
477 (564,5.0) (941,5.0) (683,5.0)
478 (105,5.0) (133,5.0) (1160,5.0)
479 (894,5.0) (355,5.0) (251,5.0)
480 (509,5.0) (1293,5.0) (459,5.0)
481 (308,5.0) (754,5.0) (863,5.0)
482 (467,5.0) (572,5.0) (207,5.0)
483 (539,5.0) (605,5.0) (1483,5.0)
484 (277,5.0) (263,5.0) (681,5.0)
485 (653,5.0) (1142,4.8) (1405,4.8)
486 (283,4.9) (17,4.9) (320,4.9)
487 (1015,5.0) (251,5.0) (813,5.0)
488 (130,5.0) (864,5.0) (1258,5.0)
489 (1157,5.0) (16,5.0) (383,5.0)
490 (412,5.0) (1079,5.0) (1215,5.0)
491 (877,5.0) (108,5.0) (567,5.0)
492 (91,5.0) (321,5.0) (663,5.0)
493 (4,5.0) (85,5.0) (187,5.0)
494 (984,5.0) (312,5.0) (246,5.0)
495 (1259,5.0) (1355,5.0) (12,5.0)
496 (886,5.0) (938,5.0) (952,4.8)
497 (8,5.0) (61,5.0) (512,5.0)
498 (254,5.0) (1105,5.0) (279,5.0)
499 (450,5.0) (411,5.0) (458,5.0)
500 (349,5.0) (353,5.0) (457,5.0)
501 (1079,5.0) (92,5.0) (253,5.0)
502 (355,5.0) (1013,5.0) (299,5.0)
503 (1258,5.0) (477,5.0) (465,5.0)
504 (1016,5.0) (1089,5.0) (425,5.0)
505 (772,5.0) (1147,5.0) (109,5.0)
506 (130,5.0) (896,5.0) (1127,5.0)
507 (875,5.0) (672,5.0) (169,5.0)
508 (589,5.0) (335,5.0) (872,5.0)
509 (853,4.6) (171,4.5) (530,4.3)
510 (287,5.0) (1608,5.0) (408,4.7)
511 (1070,5.0) (1131,5.0) (1174,5.0)
512 (936,5.0) (312,5.0) (897,5.0)
513 (1032,5.0) (975,5.0) (1048,5.0)
514 (772,5.0) (889,5.0) (692,5.0)
515 (383,5.0) (1030,5.0) (937,5.0)
516 (1128,5.0) (103,5.0) (375,5.0)
517 (615,5.0) (1194,5.0) (707,5.0)
518 (1214,5.0) (683,5.0) (1128,5.0)
519 (261,5.0) (889,5.0) (936,5.0)
520 (908,5.0) (975,5.0) (1284,5.0)
521 (329,5.0) (367,4.9) (692,4.9)
522 (715,5.0) (21,5.0) (770,5.0)
523 (931,5.0) (1015,5.0) (1095,5.0)
524 (253,5.0) (1388,5.0) (1394,5.0)
525 (382,5.0) (1608,5.0) (223,5.0)
526 (842,5.0) (949,5.0) (1053,5.0)
527 (251,5.0) (607,5.0) (451,5.0)
528 (1199,5.0) (781,5.0) (200,5.0)
529 (398,5.0) (107,5.0) (539,5.0)
530 (743,5.0) (118,5.0) (716,5.0)
531 (253,5.0) (640,5.0) (1394,5.0)
532 (923,5.0) (408,5.0) (1006,5.0)
533 (781,5.0) (558,5.0) (773,5.0)
534 (227,5.0) (374,5.0) (450,5.0)
535 (424,5.0) (938,5.0) (1016,5.0)
536 (812,5.0) (936,5.0) (1084,5.0)
537 (408,5.0) (253,4.9) (1388,4.9)
538 (778,5.0) (984,5.0) (644,5.0)
539 (457,5.0) (67,5.0) (103,5.0)
540 (346,5.0) (902,5.0) (1006,5.0)
541 (331,5.0) (813,5.0) (252,5.0)
542 (372,5.0) (1033,5.0) (171,4.8)
543 (959,5.0) (164,5.0) (219,5.0)
544 (171,4.8) (429,4.8) (752,4.8)
545 (110,5.0) (1015,5.0) (263,5.0)
546 (1030,5.0) (39,5.0) (10,5.0)
547 (640,5.0) (155,5.0) (919,5.0)
548 (242,5.0) (889,5.0) (707,5.0)
549 (53,5.0) (1083,5.0) (251,5.0)
550 (1030,5.0) (382,5.0) (390,5.0)
551 (179,5.0) (173,5.0) (1294,5.0)
552 (589,5.0) (263,5.0) (1079,5.0)
553 (1054,5.0) (97,5.0) (203,5.0)
554 (501,5.0) (910,5.0) (239,5.0)
555 (67,5.0) (716,5.0) (790,5.0)
556 (1137,5.0) (416,5.0) (490,5.0)
557 (652,5.0) (572,5.0) (611,5.0)
558 (998,5.0) (1103,5.0) (1428,5.0)
559 (564,5.0) (1060,5.0) (877,5.0)
560 (60,4.9) (919,4.9) (1005,4.9)
561 (743,5.0) (408,5.0) (253,5.0)
562 (984,5.0) (178,5.0) (171,5.0)
563 (92,5.0) (747,5.0) (950,5.0)
564 (1214,5.0) (1177,5.0) (76,5.0)
565 (918,5.0) (458,5.0) (398,5.0)
566 (597,5.0) (589,5.0) (68,5.0)
567 (410,5.0) (1255,5.0) (1234,5.0)
568 (44,5.0) (219,5.0) (436,5.0)
569 (74,5.0) (320,5.0) (308,5.0)
570 (1449,4.7) (1512,4.7) (1019,4.6)
571 (368,5.0) (717,5.0) (128,5.0)
572 (36,5.0) (564,5.0) (373,5.0)
573 (877,5.0) (1127,5.0) (1022,5.0)
574 (538,5.0) (1126,5.0) (919,5.0)
575 (931,5.0) (1129,5.0) (1143,5.0)
576 (163,5.0) (390,5.0) (396,5.0)
577 (239,5.0) (781,5.0) (1269,5.0)
578 (235,5.0) (950,5.0) (1094,4.9)
579 (781,5.0) (178,5.0) (27,5.0)
580 (17,5.0) (466,5.0) (1128,5.0)
581 (1087,5.0) (853,5.0) (854,5.0)
582 (39,5.0) (87,5.0) (532,5.0)
583 (770,5.0) (877,5.0) (74,5.0)
584 (390,5.0) (493,5.0) (922,5.0)
585 (139,5.0) (375,5.0) (441,5.0)
586 (242,5.0) (350,4.8) (352,4.8)
587 (929,5.0) (398,5.0) (538,5.0)
588 (923,5.0) (312,5.0) (1294,5.0)
589 (158,5.0) (398,5.0) (555,5.0)
590 (457,5.0) (320,5.0) (1021,5.0)
591 (990,5.0) (813,5.0) (1137,5.0)
592 (1084,5.0) (41,5.0) (525,5.0)
593 (457,5.0) (740,5.0) (361,5.0)
594 (308,5.0) (324,5.0) (682,5.0)
595 (116,5.0) (150,5.0) (646,5.0)
596 (1142,5.0) (198,5.0) (57,5.0)
597 (6,5.0) (345,5.0) (737,5.0)
598 (844,5.0) (136,5.0) (493,5.0)
599 (1003,5.0) (1179,5.0) (1246,5.0)
600 (869,5.0) (1397,5.0) (128,5.0)
601 (345,5.0) (621,5.0) (1527,5.0)
602 (1015,5.0) (1085,5.0) (690,5.0)
603 (19,5.0) (20,5.0) (116,5.0)
604 (353,5.0) (798,5.0) (901,5.0)
605 (893,5.0) (988,5.0) (1434,5.0)
606 (889,5.0) (17,5.0) (217,5.0)
607 (1008,5.0) (1254,5.0) (320,5.0)
608 (862,5.0) (38,5.0) (82,5.0)
609 (923,5.0) (459,4.5) (1006,4.4)
610 (290,5.0) (740,5.0) (228,5.0)
611 (263,5.0) (681,5.0) (872,5.0)
612 (548,5.0) (584,5.0) (951,5.0)
613 (532,5.0) (695,5.0) (1125,5.0)
614 (123,4.9) (481,4.7) (1229,4.7)
615 (58,5.0) (142,5.0) (363,5.0)
616 (149,5.0) (1327,5.0) (156,5.0)
617 (422,5.0) (29,4.9) (1030,4.9)
618 (251,5.0) (813,5.0) (47,5.0)
619 (151,5.0) (889,5.0) (812,5.0)
620 (894,5.0) (309,5.0) (593,5.0)
621 (781,5.0) (515,5.0) (120,5.0)
622 (988,5.0) (515,5.0) (813,5.0)
623 (306,5.0) (308,5.0) (754,5.0)
624 (376,5.0) (420,5.0) (571,5.0)
625 (228,5.0) (109,5.0) (995,5.0)
626 (877,5.0) (887,4.3) (855,4.1)
627 (743,5.0) (589,5.0) (860,5.0)
628 (832,5.0) (772,5.0) (1089,5.0)
629 (449,5.0) (477,5.0) (8,5.0)
630 (923,5.0) (130,5.0) (1022,5.0)
631 (656,5.0) (853,5.0) (171,5.0)
632 (3,5.0) (130,5.0) (931,5.0)
633 (780,5.0) (589,5.0) (320,5.0)
634 (310,5.0) (1127,5.0) (17,5.0)
635 (893,5.0) (833,4.9) (1467,4.9)
636 (263,5.0) (1022,5.0) (1160,5.0)
637 (203,5.0) (1192,5.0) (263,5.0)
638 (605,5.0) (308,5.0) (754,5.0)
639 (143,5.0) (743,5.0) (866,5.0)
640 (408,5.0) (847,5.0) (1240,5.0)
641 (368,5.0) (834,5.0) (424,5.0)
642 (918,5.0) (321,5.0) (336,5.0)
643 (589,5.0) (886,5.0) (938,5.0)
644 (1214,5.0) (145,5.0) (955,5.0)
645 (278,5.0) (780,5.0) (74,5.0)
646 (812,4.8) (1137,4.6) (48,4.5)
647 (780,5.0) (263,5.0) (669,5.0)
648 (918,5.0) (3,5.0) (283,5.0)
649 (115,5.0) (671,5.0) (675,5.0)
650 (924,5.0) (889,5.0) (866,5.0)
651 (906,5.0) (887,5.0) (1084,5.0)
652 (548,5.0) (1079,5.0) (1473,5.0)
653 (914,4.6) (896,4.5) (1085,4.5)
654 (200,5.0) (672,5.0) (889,5.0)
655 (412,5.0) (984,5.0) (1280,4.7)
656 (545,4.8) (555,4.8) (767,4.8)
657 (411,5.0) (683,5.0) (688,5.0)
658 (219,5.0) (763,5.0) (20,5.0)
659 (122,5.0) (819,5.0) (1093,5.0)
660 (178,4.6) (914,4.5) (812,4.4)
661 (266,5.0) (680,5.0) (890,5.0)
662 (468,5.0) (1622,5.0) (877,5.0)
663 (606,5.0) (1203,5.0) (156,5.0)
664 (271,5.0) (350,5.0) (906,5.0)
665 (1014,5.0) (914,5.0) (916,5.0)
666 (923,5.0) (408,5.0) (355,5.0)
667 (802,5.0) (254,5.0) (345,5.0)
668 (760,5.0) (1327,5.0) (532,5.0)
669 (1233,5.0) (412,5.0) (832,5.0)
670 (564,5.0) (5,5.0) (342,5.0)
671 (71,5.0) (588,5.0) (1269,5.0)
672 (908,5.0) (1128,5.0) (872,5.0)
673 (950,5.0) (991,5.0) (263,5.0)
674 (416,5.0) (736,5.0) (17,5.0)
675 (267,5.0) (577,5.0) (667,5.0)
676 (390,5.0) (150,5.0) (178,5.0)
677 (374,5.0) (640,5.0) (1217,5.0)
678 (165,5.0) (207,5.0) (1005,5.0)
679 (320,5.0) (340,5.0) (178,5.0)
680 (989,5.0) (342,5.0) (656,5.0)
681 (398,5.0) (986,5.0) (1444,5.0)
682 (277,5.0) (425,5.0) (923,4.9)
683 (51,5.0) (476,5.0) (1117,5.0)
684 (1347,4.9) (205,4.9) (618,4.9)
685 (724,4.5) (772,4.5) (866,4.5)
686 (51,5.0) (476,5.0) (485,5.0)
687 (960,5.0) (480,5.0) (630,5.0)
688 (440,5.0) (599,5.0) (669,5.0)
689 (1214,5.0) (42,5.0) (189,5.0)
690 (18,5.0) (278,5.0) (749,5.0)
691 (390,5.0) (952,5.0) (697,5.0)
692 (72,5.0) (772,5.0) (900,5.0)
693 (923,5.0) (585,5.0) (890,5.0)
694 (107,5.0) (149,5.0) (1327,5.0)
695 (330,5.0) (1013,5.0) (1142,5.0)
696 (998,5.0) (1449,5.0) (1512,5.0)
697 (133,5.0) (532,5.0) (561,5.0)
698 (110,5.0) (313,4.8) (178,4.8)
699 (640,5.0) (903,5.0) (1047,5.0)
700 (890,5.0) (78,5.0) (44,5.0)
701 (20,5.0) (693,5.0) (991,5.0)
702 (1040,4.7) (1503,4.7) (116,4.6)
703 (10,5.0) (277,5.0) (532,5.0)
704 (122,5.0) (145,5.0) (195,5.0)
705 (443,5.0) (1127,5.0) (666,5.0)
706 (160,5.0) (283,5.0) (126,4.7)
707 (541,5.0) (263,5.0) (669,5.0)
708 (38,5.0) (192,5.0) (208,5.0)
709 (180,5.0) (132,5.0) (60,5.0)
710 (829,5.0) (207,5.0) (371,5.0)
711 (424,5.0) (628,5.0) (743,5.0)
712 (1214,5.0) (959,5.0) (109,5.0)
713 (1005,4.5) (68,4.4) (371,4.4)
714 (122,5.0) (977,5.0) (641,5.0)
715 (115,5.0) (672,5.0) (875,5.0)
716 (1233,5.0) (772,5.0) (324,5.0)
717 (113,5.0) (796,5.0) (865,5.0)
718 (702,5.0) (368,5.0) (465,5.0)
719 (352,5.0) (1012,5.0) (21,5.0)
720 (123,5.0) (1013,5.0) (1047,5.0)
721 (1015,5.0) (744,5.0) (230,5.0)
722 (786,5.0) (818,5.0) (1311,5.0)
723 (921,5.0) (1084,5.0) (872,5.0)
724 (376,5.0) (842,5.0) (1041,5.0)
725 (422,5.0) (369,5.0) (1067,5.0)
726 (309,5.0) (314,5.0) (263,5.0)
727 (8,5.0) (717,5.0) (309,4.7)
728 (630,5.0) (246,5.0) (887,5.0)
729 (1661,5.0) (369,5.0) (397,5.0)
730 (101,5.0) (390,5.0) (899,5.0)
731 (877,5.0) (743,5.0) (541,5.0)
732 (775,5.0) (996,5.0) (1311,5.0)
733 (122,5.0) (226,5.0) (400,5.0)
734 (1016,5.0) (1089,5.0) (253,5.0)
735 (538,5.0) (613,5.0) (3,5.0)
736 (543,5.0) (537,5.0) (998,5.0)
737 (1008,5.0) (1254,5.0) (450,5.0)
738 (115,5.0) (689,5.0) (345,5.0)
739 (623,5.0) (738,5.0) (1035,5.0)
740 (457,5.0) (1134,5.0) (114,5.0)
741 (369,5.0) (761,5.0) (1177,5.0)
742 (989,5.0) (543,5.0) (887,4.9)
743 (548,5.0) (697,5.0) (718,5.0)
744 (743,5.0) (552,5.0) (1411,5.0)
745 (422,5.0) (847,5.0) (919,5.0)
746 (1079,5.0) (772,5.0) (1147,5.0)
747 (781,5.0) (539,5.0) (311,5.0)
748 (1240,5.0) (253,5.0) (1134,5.0)
749 (918,5.0) (220,5.0) (520,5.0)
750 (662,5.0) (575,5.0) (637,5.0)
751 (688,5.0) (890,5.0) (908,5.0)
752 (687,5.0) (115,5.0) (623,5.0)
753 (1059,5.0) (19,5.0) (20,5.0)
754 (605,5.0) (1234,5.0) (1527,5.0)
755 (547,5.0) (1240,5.0) (1233,5.0)
756 (589,5.0) (74,5.0) (192,5.0)
757 (899,5.0) (253,5.0) (1388,5.0)
758 (589,5.0) (1259,5.0) (1006,5.0)
759 (398,5.0) (672,5.0) (383,5.0)
760 (878,5.0) (890,5.0) (456,5.0)
761 (1214,5.0) (248,4.9) (902,4.6)
762 (997,5.0) (575,5.0) (320,5.0)
763 (687,5.0) (936,5.0) (320,5.0)
764 (249,5.0) (1014,5.0) (214,5.0)
765 (743,5.0) (948,5.0) (1534,5.0)
766 (554,5.0) (1083,5.0) (819,5.0)
767 (374,5.0) (1112,5.0) (280,5.0)
768 (356,5.0) (571,5.0) (575,5.0)
769 (786,5.0) (1037,5.0) (1425,5.0)
770 (398,5.0) (400,5.0) (426,5.0)
771 (1258,5.0) (1021,5.0) (363,5.0)
772 (547,5.0) (1240,5.0) (468,5.0)
773 (287,5.0) (263,5.0) (316,5.0)
774 (107,4.6) (339,4.3) (863,4.0)
775 (1001,5.0) (558,5.0) (854,5.0)
776 (918,5.0) (253,5.0) (251,5.0)
777 (309,5.0) (314,5.0) (253,5.0)
778 (465,5.0) (969,5.0) (671,5.0)
779 (376,5.0) (452,5.0) (939,5.0)
780 (669,5.0) (507,5.0) (936,5.0)
781 (716,5.0) (790,5.0) (382,5.0)
782 (468,5.0) (371,5.0) (1152,5.0)
783 (212,5.0) (545,5.0) (555,5.0)
784 (424,5.0) (890,5.0) (933,5.0)
785 (1265,5.0) (133,5.0) (192,5.0)
786 (589,5.0) (607,5.0) (1033,5.0)
787 (564,5.0) (565,5.0) (113,5.0)
788 (249,4.8) (295,4.8) (129,4.8)
789 (400,5.0) (413,5.0) (444,5.0)
790 (137,5.0) (200,5.0) (672,5.0)
791 (1084,5.0) (630,5.0) (952,5.0)
792 (390,5.0) (1012,4.9) (721,4.8)
793 (1215,5.0) (613,5.0) (1079,5.0)
794 (644,5.0) (856,5.0) (902,5.0)
795 (424,5.0) (743,5.0) (860,5.0)
796 (938,5.0) (148,5.0) (1127,5.0)
797 (355,5.0) (81,4.7) (853,4.7)
798 (1199,5.0) (336,5.0) (880,5.0)
799 (985,5.0) (1129,5.0) (1591,5.0)
800 (567,5.0) (741,5.0) (251,5.0)
801 (558,5.0) (671,5.0) (675,5.0)
802 (786,5.0) (818,5.0) (1037,5.0)
803 (958,5.0) (352,4.7) (537,4.7)
804 (589,5.0) (263,5.0) (832,5.0)
805 (889,5.0) (875,5.0) (955,5.0)
806 (687,5.0) (1011,5.0) (87,5.0)
807 (370,5.0) (1161,5.0) (898,5.0)
808 (152,5.0) (372,5.0) (813,5.0)
809 (1449,5.0) (1512,5.0) (787,5.0)
810 (335,5.0) (1183,5.0) (407,5.0)
811 (122,5.0) (844,5.0) (1165,5.0)
812 (898,5.0) (1608,5.0) (212,5.0)
813 (878,5.0) (361,4.7) (902,4.7)
814 (548,5.0) (718,5.0) (1473,5.0)
815 (589,5.0) (1006,5.0) (315,5.0)
816 (457,5.0) (518,5.0) (680,5.0)
817 (910,5.0) (902,5.0) (436,5.0)
818 (542,5.0) (1152,5.0) (122,5.0)
819 (376,5.0) (842,5.0) (260,5.0)
820 (311,4.9) (530,4.8) (676,4.8)
821 (1214,5.0) (640,5.0) (406,5.0)
822 (440,5.0) (457,5.0) (1438,5.0)
823 (149,5.0) (760,5.0) (1327,5.0)
824 (1013,5.0) (1383,5.0) (1403,5.0)
825 (24,5.0) (682,5.0) (955,5.0)
826 (192,5.0) (781,5.0) (1085,5.0)
827 (962,5.0) (1006,5.0) (1297,5.0)
828 (1534,5.0) (863,5.0) (749,5.0)
829 (390,5.0) (430,5.0) (434,5.0)
830 (109,5.0) (457,5.0) (740,5.0)
831 (251,5.0) (813,5.0) (320,5.0)
832 (390,5.0) (336,5.0) (309,5.0)
833 (862,5.0) (1255,5.0) (984,5.0)
834 (356,5.0) (571,5.0) (673,5.0)
835 (877,5.0) (347,5.0) (689,5.0)
836 (220,5.0) (520,5.0) (432,5.0)
837 (192,5.0) (169,5.0) (1240,5.0)
838 (893,5.0) (110,5.0) (1068,5.0)
839 (1294,5.0) (613,5.0) (372,5.0)
840 (589,5.0) (894,5.0) (1048,5.0)
841 (1233,5.0) (178,5.0) (354,5.0)
842 (253,5.0) (60,5.0) (522,5.0)
843 (130,4.8) (1260,4.8) (1472,4.8)
844 (952,5.0) (1084,5.0) (680,5.0)
845 (683,5.0) (1128,5.0) (1115,5.0)
846 (107,5.0) (781,5.0) (412,5.0)
847 (160,5.0) (1022,5.0) (1269,4.9)
848 (1199,5.0) (201,5.0) (680,5.0)
849 (663,5.0) (244,5.0) (17,5.0)
850 (1233,5.0) (1256,5.0) (1257,5.0)
851 (418,5.0) (420,5.0) (571,5.0)
852 (1215,5.0) (921,5.0) (217,4.9)
853 (892,5.0) (1089,5.0) (375,5.0)
854 (894,5.0) (899,5.0) (1006,5.0)
855 (1316,5.0) (1152,5.0) (1126,5.0)
856 (457,5.0) (305,5.0) (253,5.0)
857 (205,5.0) (543,5.0) (644,5.0)
858 (120,5.0) (368,5.0) (1228,5.0)
859 (142,5.0) (697,5.0) (718,5.0)
860 (1192,5.0) (190,5.0) (773,5.0)
861 (243,5.0) (368,5.0) (453,5.0)
862 (863,5.0) (812,5.0) (144,5.0)
863 (847,5.0) (1240,5.0) (530,4.9)
864 (361,5.0) (460,5.0) (952,5.0)
865 (19,4.4) (124,4.3) (190,4.2)
866 (1502,5.0) (798,5.0) (901,5.0)
867 (107,5.0) (910,5.0) (320,5.0)
868 (952,4.8) (1048,4.6) (22,4.5)
869 (1388,4.9) (676,4.6) (618,4.3)
870 (1388,5.0) (955,5.0) (1015,5.0)
871 (741,5.0) (424,5.0) (743,5.0)
872 (1214,5.0) (1089,5.0) (51,5.0)
873 (1015,5.0) (309,4.7) (749,4.5)
874 (790,5.0) (440,5.0) (569,5.0)
875 (110,5.0) (889,5.0) (580,5.0)
876 (615,5.0) (1194,5.0) (201,5.0)
877 (687,5.0) (355,5.0) (663,5.0)
878 (346,5.0) (263,5.0) (669,5.0)
879 (542,5.0) (346,5.0) (254,5.0)
880 (538,5.0) (923,5.0) (133,5.0)
881 (1280,5.0) (253,5.0) (1388,5.0)
882 (1354,5.0) (651,5.0) (680,5.0)
883 (681,5.0) (169,5.0) (1240,5.0)
884 (1084,5.0) (451,5.0) (507,5.0)
885 (457,5.0) (640,5.0) (1214,5.0)
886 (412,5.0) (1015,5.0) (262,5.0)
887 (977,5.0) (3,5.0) (260,5.0)
888 (991,5.0) (261,5.0) (338,5.0)
889 (228,5.0) (781,5.0) (898,5.0)
890 (1388,5.0) (813,5.0) (1084,5.0)
891 (51,5.0) (142,5.0) (477,5.0)
892 (251,5.0) (1005,5.0) (520,5.0)
893 (10,5.0) (277,5.0) (532,5.0)
894 (42,5.0) (906,5.0) (773,5.0)
895 (781,5.0) (853,5.0) (895,5.0)
896 (923,5.0) (1068,5.0) (263,5.0)
897 (918,5.0) (1089,5.0) (115,5.0)
898 (635,5.0) (545,5.0) (1002,5.0)
899 (408,5.0) (1085,5.0) (219,5.0)
900 (20,4.6) (826,4.4) (690,4.3)
901 (772,5.0) (1147,5.0) (900,5.0)
902 (681,5.0) (959,5.0) (353,5.0)
903 (122,5.0) (145,5.0) (400,5.0)
904 (1336,5.0) (110,5.0) (377,5.0)
905 (206,5.0) (412,5.0) (640,5.0)
906 (295,5.0) (219,5.0) (413,5.0)
907 (669,5.0) (408,5.0) (137,5.0)
908 (607,5.0) (190,5.0) (1203,5.0)
909 (1162,5.0) (1199,5.0) (1639,5.0)
910 (1388,5.0) (372,5.0) (640,5.0)
911 (959,5.0) (880,5.0) (577,5.0)
912 (553,5.0) (833,5.0) (1215,5.0)
913 (424,5.0) (628,5.0) (743,5.0)
914 (689,5.0) (1292,5.0) (1146,5.0)
915 (572,5.0) (231,5.0) (702,5.0)
916 (412,5.0) (832,5.0) (833,5.0)
917 (352,5.0) (78,5.0) (758,5.0)
918 (564,5.0) (585,5.0) (1037,5.0)
919 (78,5.0) (521,5.0) (923,5.0)
920 (896,5.0) (646,5.0) (1019,5.0)
921 (3,5.0) (1142,5.0) (1397,5.0)
922 (408,5.0) (1233,5.0) (589,5.0)
923 (781,5.0) (652,5.0) (1512,5.0)
924 (261,5.0) (262,5.0) (263,5.0)
925 (466,5.0) (987,5.0) (1314,5.0)
926 (308,5.0) (344,5.0) (1067,5.0)
927 (878,5.0) (931,5.0) (1039,5.0)
928 (253,5.0) (342,5.0) (901,5.0)
929 (201,5.0) (219,5.0) (558,5.0)
930 (564,5.0) (1618,5.0) (991,5.0)
931 (122,5.0) (145,5.0) (400,5.0)
932 (10,5.0) (369,5.0) (761,5.0)
933 (412,4.8) (344,4.6) (1095,4.5)
934 (263,5.0) (669,5.0) (425,5.0)
935 (271,5.0) (878,5.0) (338,5.0)
936 (853,5.0) (242,5.0) (320,5.0)
937 (85,5.0) (631,5.0) (344,4.9)
938 (899,5.0) (408,5.0) (320,5.0)
939 (390,5.0) (495,5.0) (291,5.0)
940 (199,5.0) (83,5.0) (133,5.0)
941 (68,5.0) (201,5.0) (567,5.0)
942 (952,5.0) (1134,5.0) (1142,5.0)
943 (180,5.0) (203,5.0) (519,5.0)
